number,hash,parent_hash,nonce,sha3_uncles,logs_bloom,transactions_root,state_root,receipts_root,miner,difficulty,total_difficulty,size,extra_data,gas_limit,gas_used,timestamp,transaction_count
100,0xdfe2e70d6c116a541101cecbb256d7402d62125f6ddc9b607d49edc989825c64,0xdb10afd3efa45327eb284c83cc925bd9bd7966aea53067c1eebe0724d124ec1e,0x37129c7f29a9364b,0x1dcc4de8dec75d7aab85b567b6ccd41ad312451b948a7413f0a142fd40d49347,0x00000000000000000000000000000000000000000000000000000000000000000000000000000000000000000000000000000000000000000000000000000000000000000000000000000000000000000000000000000000000000000000000000000000000000000000000000000000000000000000000000000000000000000000000000000000000000000000000000000000000000000000000000000000000000000000000000000000000000000000000000000000000000000000000000000000000000000000000000000000000000000000000000000000000000000000000000000000000000000000000000000000000000000000000000000000,0x56e81f171bcc55a6ff8345e692c0f86e5b48e01b996cadc001622fb5e363b421,0x90c25f6d7fddeb31a6cc5668a6bba77adbadec705eb7aa5a51265c2d1e3bb7ac,0x56e81f171bcc55a6ff8345e692c0f86e5b48e01b996cadc001622fb5e363b421,0xbb7b8287f3f0a933474a79eae42cbca977791171,17916437174,1766758139014,542,0x476574682f4c5649562f76312e302e302f6c696e75782f676f312e342e32,5000,0,1438270443,0
101,0x4f66fd0241681ebbc119f97e952c1036b87b6e8f64f5c5d84c5c7a9bb1ebfdcc,0xdfe2e70d6c116a541101cecbb256d7402d62125f6ddc9b607d49edc989825c64,0x4587d7ffc0496ea5,0x1dcc4de8dec75d7aab85b567b6ccd41ad312451b948a7413f0a142fd40d49347,0x00000000000000000000000000000000000000000000000000000000000000000000000000000000000000000000000000000000000000000000000000000000000000000000000000000000000000000000000000000000000000000000000000000000000000000000000000000000000000000000000000000000000000000000000000000000000000000000000000000000000000000000000000000000000000000000000000000000000000000000000000000000000000000000000000000000000000000000000000000000000000000000000000000000000000000000000000000000000000000000000000000000000000000000000000000000,0x56e81f171bcc55a6ff8345e692c0f86e5b48e01b996cadc001622fb5e363b421,0xc66500dc36b0af946808ab610894d1b8af50a6033e4d92ba93236edc66649c01,0x56e81f171bcc55a6ff8345e692c0f86e5b48e01b996cadc001622fb5e363b421,0xbb7b8287f3f0a933474a79eae42cbca977791171,17925185434,1784683324448,542,0x476574682f4c5649562f76312e302e302f6c696e75782f676f312e342e32,5000,0,1438270445,0
102,0x16110f3aa1895de2ec22cfd746751f724d112a953c71b62858a1523b50f3dc64,0x4f66fd0241681ebbc119f97e952c1036b87b6e8f64f5c5d84c5c7a9bb1ebfdcc,0x8d36eecca27a8e00,0x1dcc4de8dec75d7aab85b567b6ccd41ad312451b948a7413f0a142fd40d49347,0x00000000000000000000000000000000000000000000000000000000000000000000000000000000000000000000000000000000000000000000000000000000000000000000000000000000000000000000000000000000000000000000000000000000000000000000000000000000000000000000000000000000000000000000000000000000000000000000000000000000000000000000000000000000000000000000000000000000000000000000000000000000000000000000000000000000000000000000000000000000000000000000000000000000000000000000000000000000000000000000000000000000000000000000000000000000,0x56e81f171bcc55a6ff8345e692c0f86e5b48e01b996cadc001622fb5e363b421,0x02607447cef691e3d873cf5a1d88ac201813353147ee0d631789ec757accfa6b,0x56e81f171bcc55a6ff8345e692c0f86e5b48e01b996cadc001622fb5e363b421,0x28921e4e2c9d84f4c0f0c0ceb991f45751a0fe93,17933937965,1802617262413,537,0x476574682f76312e302e302f6c696e75782f676f312e342e32,5000,0,1438270447,0
103,0x39bef3da2cd14e02781b576050dc426606149bff937a4af43e65417e6e98c713,0x16110f3aa1895de2ec22cfd746751f724d112a953c71b62858a1523b50f3dc64,0x1f7dfbfc966b23ed,0x1dcc4de8dec75d7aab85b567b6ccd41ad312451b948a7413f0a142fd40d49347,0x00000000000000000000000000000000000000000000000000000000000000000000000000000000000000000000000000000000000000000000000000000000000000000000000000000000000000000000000000000000000000000000000000000000000000000000000000000000000000000000000000000000000000000000000000000000000000000000000000000000000000000000000000000000000000000000000000000000000000000000000000000000000000000000000000000000000000000000000000000000000000000000000000000000000000000000000000000000000000000000000000000000000000000000000000000000,0x56e81f171bcc55a6ff8345e692c0f86e5b48e01b996cadc001622fb5e363b421,0xf7c9ae633a0392a48c73e31f7d7f1bff41c7fcc950fcd2a8d448c7feecc84460,0x56e81f171bcc55a6ff8345e692c0f86e5b48e01b996cadc001622fb5e363b421,0x28921e4e2c9d84f4c0f0c0ceb991f45751a0fe93,17942694770,1820559957183,537,0x476574682f76312e302e302f6c696e75782f676f312e342e32,5000,0,1438270451,0
104,0x7faae5e905007d146c15b22dcb736935cb344f88be0d35fe656701e84d52398e,0x39bef3da2cd14e02781b576050dc426606149bff937a4af43e65417e6e98c713,0xdda64b669e1d3336,0x1dcc4de8dec75d7aab85b567b6ccd41ad312451b948a7413f0a142fd40d49347,0x00000000000000000000000000000000000000000000000000000000000000000000000000000000000000000000000000000000000000000000000000000000000000000000000000000000000000000000000000000000000000000000000000000000000000000000000000000000000000000000000000000000000000000000000000000000000000000000000000000000000000000000000000000000000000000000000000000000000000000000000000000000000000000000000000000000000000000000000000000000000000000000000000000000000000000000000000000000000000000000000000000000000000000000000000000000,0x56e81f171bcc55a6ff8345e692c0f86e5b48e01b996cadc001622fb5e363b421,0x4a38f3e8e7310de7843c07d08c815627593e72d9923383b045296ef2f1d93d7e,0x56e81f171bcc55a6ff8345e692c0f86e5b48e01b996cadc001622fb5e363b421,0xbb7b8287f3f0a933474a79eae42cbca977791171,17951455851,1838511413034,542,0x476574682f4c5649562f76312e302e302f6c696e75782f676f312e342e32,5000,0,1438270452,0
105,0x07efc5598ed7e5e6e707eb087110f2dfb2772d6355508b75f4696d96d0f747ec,0x7faae5e905007d146c15b22dcb736935cb344f88be0d35fe656701e84d52398e,0x363fd3fbcd685552,0x8aaaafa162bf360b2dd2b6622c38742c1b6e53c82b098a9a578882dce677b367,0x00000000000000000000000000000000000000000000000000000000000000000000000000000000000000000000000000000000000000000000000000000000000000000000000000000000000000000000000000000000000000000000000000000000000000000000000000000000000000000000000000000000000000000000000000000000000000000000000000000000000000000000000000000000000000000000000000000000000000000000000000000000000000000000000000000000000000000000000000000000000000000000000000000000000000000000000000000000000000000000000000000000000000000000000000000000,0x56e81f171bcc55a6ff8345e692c0f86e5b48e01b996cadc001622fb5e363b421,0xefadfb4c4acac8e8e85f71c06158a4d9aaf732d0ce9c3b9379ebe04f7e2ac15e,0x56e81f171bcc55a6ff8345e692c0f86e5b48e01b996cadc001622fb5e363b421,0x28921e4e2c9d84f4c0f0c0ceb991f45751a0fe93,17960221210,1856471634244,1078,0x476574682f76312e302e302f6c696e75782f676f312e342e32,5000,0,1438270453,0
106,0xdbf00c7d903316b2d5a46dbfcf29317a3102ccf8ed2b75082ceffd034ee098ec,0x07efc5598ed7e5e6e707eb087110f2dfb2772d6355508b75f4696d96d0f747ec,0x80cdf6182d50ed5f,0x1dcc4de8dec75d7aab85b567b6ccd41ad312451b948a7413f0a142fd40d49347,0x00000000000000000000000000000000000000000000000000000000000000000000000000000000000000000000000000000000000000000000000000000000000000000000000000000000000000000000000000000000000000000000000000000000000000000000000000000000000000000000000000000000000000000000000000000000000000000000000000000000000000000000000000000000000000000000000000000000000000000000000000000000000000000000000000000000000000000000000000000000000000000000000000000000000000000000000000000000000000000000000000000000000000000000000000000000,0x56e81f171bcc55a6ff8345e692c0f86e5b48e01b996cadc001622fb5e363b421,0x11fe9ce9e9afec2d1c18922f6e513e319c40f5fce93431878003ad39902ec0c8,0x56e81f171bcc55a6ff8345e692c0f86e5b48e01b996cadc001622fb5e363b421,0xd7e30ae310c1d1800f5b641baa7af95b2e1fd98c,17968990849,1874440625093,544,0x476574682f6b6c6f737572652f76312e302e302d66633739643332642f6c696e,5000,0,1438270454,0
107,0x5663a82065ceae2d77d4788247bffaa2e907ad3b746234b8ed6f126015072488,0xdbf00c7d903316b2d5a46dbfcf29317a3102ccf8ed2b75082ceffd034ee098ec,0x0e649e1e524fceee,0x1dcc4de8dec75d7aab85b567b6ccd41ad312451b948a7413f0a142fd40d49347,0x00000000000000000000000000000000000000000000000000000000000000000000000000000000000000000000000000000000000000000000000000000000000000000000000000000000000000000000000000000000000000000000000000000000000000000000000000000000000000000000000000000000000000000000000000000000000000000000000000000000000000000000000000000000000000000000000000000000000000000000000000000000000000000000000000000000000000000000000000000000000000000000000000000000000000000000000000000000000000000000000000000000000000000000000000000000,0x56e81f171bcc55a6ff8345e692c0f86e5b48e01b996cadc001622fb5e363b421,0xbc73401129b627f46465e86f73780223a3d70caf332d67662dd84588f49f5e10,0x56e81f171bcc55a6ff8345e692c0f86e5b48e01b996cadc001622fb5e363b421,0xd7e30ae310c1d1800f5b641baa7af95b2e1fd98c,17977764770,1892418389863,544,0x476574682f6b6c6f737572652f76312e302e302d66633739643332642f6c696e,5000,0,1438270455,0
108,0x23fc7f3d17b2585e98727923d15479db13d7cf113b2f1bb523880c5f9ff2cda4,0x5663a82065ceae2d77d4788247bffaa2e907ad3b746234b8ed6f126015072488,0x56d4d9db95a0095a,0x209b7d8c03d6e3bff95a268fab82abaaf56f806213bac7df3c7299b59a76a07b,0x00000000000000000000000000000000000000000000000000000000000000000000000000000000000000000000000000000000000000000000000000000000000000000000000000000000000000000000000000000000000000000000000000000000000000000000000000000000000000000000000000000000000000000000000000000000000000000000000000000000000000000000000000000000000000000000000000000000000000000000000000000000000000000000000000000000000000000000000000000000000000000000000000000000000000000000000000000000000000000000000000000000000000000000000000000000,0x56e81f171bcc55a6ff8345e692c0f86e5b48e01b996cadc001622fb5e363b421,0xfa0fdfb887e4d82818197b666a806891d5320be97ee45907ebc939596153efb2,0x56e81f171bcc55a6ff8345e692c0f86e5b48e01b996cadc001622fb5e363b421,0x1b7047b4338acf65be94c1a3e8c5c9338ad7d67c,17986542975,1910404932838,1079,0x426974636f696e2069732054484520426c6f636b636861696e2e,5000,0,1438270456,0
