transaction_hash,transaction_index,block_hash,block_number,cumulative_gas_used,gas_used,contract_address,root,status
0x873c36283a164421e9c78f52439c709c12f96b5f81d4aa3a97fc67a73ff5574b,0,0xbe847be2bceb74e660daf96b3f0669d58f59dc9101715689a00ef864a5408f43,6000000,21000,21000,,,1
0xa350a026a84ea6d2e20230c8ba215a1df034a84a0c8064708d4ff30539f89d8f,1,0xbe847be2bceb74e660daf96b3f0669d58f59dc9101715689a00ef864a5408f43,6000000,42000,21000,,,1
0xbc4d20ed787799ab3ff2e4de98b8abca6e3efb5369aedcc877b83226c1f5b855,2,0xbe847be2bceb74e660daf96b3f0669d58f59dc9101715689a00ef864a5408f43,6000000,63000,21000,,,1
0xa787b4b09c3dbba3c4e1b7910cfaf55e0c7d6ac69da8d3a1b9064d02b9df393a,3,0xbe847be2bceb74e660daf96b3f0669d58f59dc9101715689a00ef864a5408f43,6000000,84000,21000,,,1
0xea55aae509250286c601c22b5b6090f5c985b1d11d3cdc6ea00b919bc4641ad2,4,0xbe847be2bceb74e660daf96b3f0669d58f59dc9101715689a00ef864a5408f43,6000000,134057,50057,,,1
0x1f51f0bfaa988e14665dbb1d564821111ad2dc4784cd879c5058b5e8e5eaf491,5,0xbe847be2bceb74e660daf96b3f0669d58f59dc9101715689a00ef864a5408f43,6000000,180864,46807,,,1
0x33a366a02a770004f941f445f84780ab85ae310f2377edd25fc9c4e579f3635b,6,0xbe847be2bceb74e660daf96b3f0669d58f59dc9101715689a00ef864a5408f43,6000000,233039,52175,,,1
0x4c5db229e08cfcc54521cc05b01e9006ca913eafb89fd0c0689de2836f454647,7,0xbe847be2bceb74e660daf96b3f0669d58f59dc9101715689a00ef864a5408f43,6000000,267509,34470,,,1
0xec3ffa26262809c6d0abd1348cc5420d80f94ef626f09a9bf4b5168fd55f5b88,8,0xbe847be2bceb74e660daf96b3f0669d58f59dc9101715689a00ef864a5408f43,6000000,301979,34470,,,1
0x7b180f48ccf068c5a317fd2d7986bb8a4adf2689557ad36b1d200362ad1a965a,9,0xbe847be2bceb74e660daf96b3f0669d58f59dc9101715689a00ef864a5408f43,6000000,322979,21000,,,1
0xb05a9812db7c5c298b78fb7d2a921cb7742eda8a4925d00e1d0c3a3158ae50c5,10,0xbe847be2bceb74e660daf96b3f0669d58f59dc9101715689a00ef864a5408f43,6000000,376090,53111,,,1
0x94f571d1e80395ef0d996e59113104764b30df2018600299fd60bd06d92b06a6,11,0xbe847be2bceb74e660daf96b3f0669d58f59dc9101715689a00ef864a5408f43,6000000,397090,21000,,,1
0xee083f11222113b2cfa90ddd3bf55d6fe6b1558cb287dd9ca47d666e5409da45,99,0xa618c3ac198431ead17dd143f3fab8a73da6a3c506764dff84108bd06f72eb82,6000001,6505133,21000,,,1
0x059cccd28ebf0ee5ff66121b4c7ed9b4dd86babcd34d14f274060c7e12c1bd1b,100,0xa618c3ac198431ead17dd143f3fab8a73da6a3c506764dff84108bd06f72eb82,6000001,6735716,230583,,,1
0x14c9f12b47bf96d3bfdea39531a6a96ca2907694b800030470095c71c6abbf32,101,0xa618c3ac198431ead17dd143f3fab8a73da6a3c506764dff84108bd06f72eb82,6000001,6834294,98578,,,1
0xf0dbc491b04528c91d297efc5d8103315a1eaf9c69268a0a5de32d625a087029,102,0xa618c3ac198431ead17dd143f3fab8a73da6a3c506764dff84108bd06f72eb82,6000001,6881942,47648,,,1
0x6e8c67806ad2bc4e510daddd9e19e28b44efeeb47f460c750c96addaeb20f5c0,103,0xa618c3ac198431ead17dd143f3fab8a73da6a3c506764dff84108bd06f72eb82,6000001,6912562,30620,,,1
0x63f2b40fac4b658c361a39670b34214514bf4a29b265ba21b299b85c046d91b9,104,0xa618c3ac198431ead17dd143f3fab8a73da6a3c506764dff84108bd06f72eb82,6000001,6995840,83278,,,1
0x8d7a206b3650092288ff099cda2c35e66aece9fb1cd9617e723f3b53849787ba,105,0xa618c3ac198431ead17dd143f3fab8a73da6a3c506764dff84108bd06f72eb82,6000001,7150934,155094,,,1
0x80bc64f6531ca523f676aac1d5db57d99e6fe7fcbd1e9afc2b20c27a2c8fc23c,106,0xa618c3ac198431ead17dd143f3fab8a73da6a3c506764dff84108bd06f72eb82,6000001,7173328,22394,,,1
0x1dc0ae550ffe4b804a1c05465391ec06f76fd4608604cc249e09e82a115de78e,107,0xa618c3ac198431ead17dd143f3fab8a73da6a3c506764dff84108bd06f72eb82,6000001,7233307,59979,,,1
0x3ba675c6d75a230f886410e92b3707bacccfe9626f5371499af3421e0f48e08a,108,0xa618c3ac198431ead17dd143f3fab8a73da6a3c506764dff84108bd06f72eb82,6000001,7349094,115787,,,1
0xcce8ae3535d01fcea4bb9c16421bc23583b4a97e2d42d0a2ee086bfda5e1c2d6,12,0xbe847be2bceb74e660daf96b3f0669d58f59dc9101715689a00ef864a5408f43,6000000,449684,52594,,,1
0x1547120bbc2092524c49441f824d0d6cf32393ca249ec31b68acc75d42da3382,13,0xbe847be2bceb74e660daf96b3f0669d58f59dc9101715689a00ef864a5408f43,6000000,502342,52658,,,1
0xbb001ee3d7e1ecf92f8c459963aab2cb89a1a8f5f5bf6aece662e31836323680,14,0xbe847be2bceb74e660daf96b3f0669d58f59dc9101715689a00ef864a5408f43,6000000,523342,21000,,,1
0x7785c7274a2b315f8188dd48813586674767fe868243af34179e36d566292e32,15,0xbe847be2bceb74e660daf96b3f0669d58f59dc9101715689a00ef864a5408f43,6000000,544342,21000,,,1
0x22fc47c1f9a50af38ef50980f3fd32e13af9f7102525c10f8c969fca26efb186,16,0xbe847be2bceb74e660daf96b3f0669d58f59dc9101715689a00ef864a5408f43,6000000,565342,21000,,,1
0xc7b7d131dd0df44693e0ba36b42bde7a3c41249ea3430b1d1c362de5e9246c20,17,0xbe847be2bceb74e660daf96b3f0669d58f59dc9101715689a00ef864a5408f43,6000000,586342,21000,,,1
0x796fc5b7831a097a497f232dc217b435172fa911537f1bc4368ee5a81aea6888,18,0xbe847be2bceb74e660daf96b3f0669d58f59dc9101715689a00ef864a5408f43,6000000,607342,21000,,,1
0x3ea5d51a299fd444965bf72912fbb7a1491d4bbaa08461855491107a6eec05da,19,0xbe847be2bceb74e660daf96b3f0669d58f59dc9101715689a00ef864a5408f43,6000000,628342,21000,,,1
0xa8f2cf69e302da6c8100b80298ed77c37b6e75eed1177ca22acd5772c9fb9876,20,0xbe847be2bceb74e660daf96b3f0669d58f59dc9101715689a00ef864a5408f43,6000000,786902,158560,,,1
0xc9e5e4d68474ea707d2cc1f298f3a5495bc94fc9442e11919aab7a1d75b35835,21,0xbe847be2bceb74e660daf96b3f0669d58f59dc9101715689a00ef864a5408f43,6000000,823439,36537,,,1
0xdad9db6d969124760dc3e1c6b0aa99eb1a5a718aa556db0ece546896febfb33d,22,0xbe847be2bceb74e660daf96b3f0669d58f59dc9101715689a00ef864a5408f43,6000000,844439,21000,,,1
0x77dd76f81b40d46970b38857e3e12f907b01cd1d61222d1afaeaf79c8294ad91,23,0xbe847be2bceb74e660daf96b3f0669d58f59dc9101715689a00ef864a5408f43,6000000,875444,31005,,,1
0x1fd7ac15a58e47f70685847363c3d924fe538e6acd4221ab37052e89d4880028,109,0xa618c3ac198431ead17dd143f3fab8a73da6a3c506764dff84108bd06f72eb82,6000001,7464881,115787,,,1
0x035d6545fb2766ea5c53e758eea144732a366757e072b1acaf295a6abdd9446e,24,0xbe847be2bceb74e660daf96b3f0669d58f59dc9101715689a00ef864a5408f43,6000000,896444,21000,,,1
0xe1d598411e5df6411045cc8503af4fc9742ab3175578897b0af354f669b6bdbc,25,0xbe847be2bceb74e660daf96b3f0669d58f59dc9101715689a00ef864a5408f43,6000000,917444,21000,,,1
0xa3ce6acb3d6c4e3bc04db3072d3592e7a3304e7be41d500e983dba191cd4327f,26,0xbe847be2bceb74e660daf96b3f0669d58f59dc9101715689a00ef864a5408f43,6000000,948449,31005,,,1
0x4df71655375a3826b933d0875ef1d30b055e6ffdbc5a2e002006d7a03175b94d,110,0xa618c3ac198431ead17dd143f3fab8a73da6a3c506764dff84108bd06f72eb82,6000001,7580668,115787,,,1
0x9336b6d0b35deae83816a70034fec36bd405a94c9f9ce043442bd3e9ccdcb648,27,0xbe847be2bceb74e660daf96b3f0669d58f59dc9101715689a00ef864a5408f43,6000000,969449,21000,,,1
0x32c1abcd5bca9344f17dcba4d690de751750444f9113562abb8f22d6b5369fc4,28,0xbe847be2bceb74e660daf96b3f0669d58f59dc9101715689a00ef864a5408f43,6000000,985055,15606,,,1
0xdee11db692cfa6063febc482e2c405702b94d569f388ca92ea89b063a5b23378,29,0xbe847be2bceb74e660daf96b3f0669d58f59dc9101715689a00ef864a5408f43,6000000,1006995,21940,,,1
0x926d31f9b307b0641b955d6ab0e557f0f508a9b6a0e5ec8c5b06029f967f78bb,30,0xbe847be2bceb74e660daf96b3f0669d58f59dc9101715689a00ef864a5408f43,6000000,1027995,21000,,,1
0x84f682b2dfdd71a488afecd18b0d69feebdd8fb4a604fdc5c558935862c75f04,31,0xbe847be2bceb74e660daf96b3f0669d58f59dc9101715689a00ef864a5408f43,6000000,1048995,21000,,,1
0xf1656b705b1d705b0bc9f6adc0f8584618ea4b6fe0de67fa8392768471197d17,32,0xbe847be2bceb74e660daf96b3f0669d58f59dc9101715689a00ef864a5408f43,6000000,1775095,726100,,,1
0x35d17a400d5c365cac9e8f35c6c106e8369bb7b8281c40f37b595ad340c58096,33,0xbe847be2bceb74e660daf96b3f0669d58f59dc9101715689a00ef864a5408f43,6000000,1807079,31984,,,1
0x0b5149d6487bc3bc57057f8d856badd23672eafcfba4bdc52908dfe56fb540f6,34,0xbe847be2bceb74e660daf96b3f0669d58f59dc9101715689a00ef864a5408f43,6000000,1984852,177773,,,1
0x5402c67b37f2e40db8349d28fd99e9d4dddd4abe12cf8a3a1992e8898c0387a9,111,0xa618c3ac198431ead17dd143f3fab8a73da6a3c506764dff84108bd06f72eb82,6000001,7788796,208128,,,1
0x6e80bb5f6a034e0221ad636ebeceb43bfec4c9084347fe789a60e6af1b6a50e6,35,0xbe847be2bceb74e660daf96b3f0669d58f59dc9101715689a00ef864a5408f43,6000000,2220484,235632,,,1
0x7161b3358e2abad95089905f39e7075513efefae00244d3f376292a87f39e95e,36,0xbe847be2bceb74e660daf96b3f0669d58f59dc9101715689a00ef864a5408f43,6000000,2264449,43965,,,1
0xe453348bfddf49357c098730bb060ae2d05af1fcefe54393489f80bd02a6e021,37,0xbe847be2bceb74e660daf96b3f0669d58f59dc9101715689a00ef864a5408f43,6000000,2286954,22505,,,1
0x95f7e8097119786f098a54f9da0a1869a01df40f71a80fde405d0a97d5031ec8,112,0xa618c3ac198431ead17dd143f3fab8a73da6a3c506764dff84108bd06f72eb82,6000001,7879796,91000,,,1
0xecff250a3deaa6f1022f9bb2c596f7e94afe9e9fc28f5f4b736db2eb9d93b92f,38,0xbe847be2bceb74e660daf96b3f0669d58f59dc9101715689a00ef864a5408f43,6000000,2308491,21537,,,1
0x6382c984048d824c6bd5c0f5ce9cec59aea351e237c3344cae656da01abde778,39,0xbe847be2bceb74e660daf96b3f0669d58f59dc9101715689a00ef864a5408f43,6000000,2338818,30327,,,1
0xdae6e7e0cf6c411946e1bc5fddfcb4d206863b0385163b8e5f983c8616aeedc8,40,0xbe847be2bceb74e660daf96b3f0669d58f59dc9101715689a00ef864a5408f43,6000000,2375355,36537,,,1
0x267eb25ff558d66deb47ededbb3a5db9099727f2703ce4b871d77d9c4dc930b5,41,0xbe847be2bceb74e660daf96b3f0669d58f59dc9101715689a00ef864a5408f43,6000000,2402919,27564,,,1
0x01958bbc5b14da8079b9af18d39bd4ca604cafe9691d8791b29ef03ab41d14c2,113,0xa618c3ac198431ead17dd143f3fab8a73da6a3c506764dff84108bd06f72eb82,6000001,7900796,21000,,,1
0xdc9fc779f119633ed6af0eb5cbdac12e1bb6e9f446e4a33c34b87cc9bf3a0c2e,114,0xa618c3ac198431ead17dd143f3fab8a73da6a3c506764dff84108bd06f72eb82,6000001,7921796,21000,,,1
0xc1c6e8fa9394c15c40b8626e42848bd21405092faf8b789baa04869be0ac6a0c,115,0xa618c3ac198431ead17dd143f3fab8a73da6a3c506764dff84108bd06f72eb82,6000001,7942796,21000,,,1
0xe893f0f8bc1c06d2c4c4226c131bdb262db36bd19ebbbc72db1462483024309f,116,0xa618c3ac198431ead17dd143f3fab8a73da6a3c506764dff84108bd06f72eb82,6000001,7963796,21000,,,1
0xc7e92f362a81f49a3dc678a87fb5f5310fd309e0b1865ef026e28b156801cdb4,117,0xa618c3ac198431ead17dd143f3fab8a73da6a3c506764dff84108bd06f72eb82,6000001,7984796,21000,,,1
0xc8012f0bd8ea32abd0e92e396f8a1452ca1b23d99c3481fa572996359de2a8d1,118,0xa618c3ac198431ead17dd143f3fab8a73da6a3c506764dff84108bd06f72eb82,6000001,8005796,21000,,,1
0xa88826a1aed2cc7786d49cfa823a043a4999fdf6ac8e0599938e7270fd3ed920,0,0x6b855d4ca375a859bb00ee9a70b0e51bcefac0b075e5855a39bc9e361005af89,6000002,212140,212140,,,1
0x586a7e7914231c10a9688285100eb5cbd5481969a959c51703b2082cb22faaf8,42,0xbe847be2bceb74e660daf96b3f0669d58f59dc9101715689a00ef864a5408f43,6000000,2425310,22391,,,1
0x884ae8e046e8d12a541788f4072e4ad7f0a3c3b806afa0abd67f711ba468c5f4,43,0xbe847be2bceb74e660daf96b3f0669d58f59dc9101715689a00ef864a5408f43,6000000,2447855,22545,,,1
0x65da526088a44f15e64e2e5dbcd028b1872a10a79f5d08129a22a4daf9e56167,44,0xbe847be2bceb74e660daf96b3f0669d58f59dc9101715689a00ef864a5408f43,6000000,2493964,46109,,,1
0x626590b434e06b79fdd2187b28a55569f6c0636c6806808beb6ce2c743e88188,45,0xbe847be2bceb74e660daf96b3f0669d58f59dc9101715689a00ef864a5408f43,6000000,4930193,2436229,,,1
0x1dc8b0d33e73c0f80284fb27131123c37244927e4f3e293870ee3b19af73282f,46,0xbe847be2bceb74e660daf96b3f0669d58f59dc9101715689a00ef864a5408f43,6000000,4951193,21000,,,1
0xa2ac2861c0915a3141692150a285634603b5e43c8ff3aef6e866b497a44c522c,47,0xbe847be2bceb74e660daf96b3f0669d58f59dc9101715689a00ef864a5408f43,6000000,5004460,53267,,,1
0x489378ce9e3cc54073ab0ade85e3697f501894b8af0f73c369ca51c5524cecc8,48,0xbe847be2bceb74e660daf96b3f0669d58f59dc9101715689a00ef864a5408f43,6000000,5025460,21000,,,1
0xd630ac67d61bdcbab3be4014dfa89c926096842b678e9765cc271b4b012469c7,49,0xbe847be2bceb74e660daf96b3f0669d58f59dc9101715689a00ef864a5408f43,6000000,5046460,21000,,,1
0x2357e17cdf692e19cbfbfae1671f4dd35c6ce341bac24d0947c3bc6b1b551db8,50,0xbe847be2bceb74e660daf96b3f0669d58f59dc9101715689a00ef864a5408f43,6000000,5067460,21000,,,1
0x39591c58d9c72573289387bf9e1fb6d81965a16fbd5e81138f07de5459e0bce1,51,0xbe847be2bceb74e660daf96b3f0669d58f59dc9101715689a00ef864a5408f43,6000000,5088871,21411,,,1
0xd2aa82299985516921b259393d387d7a23698bcdb565d51cba2ea87298420186,1,0x6b855d4ca375a859bb00ee9a70b0e51bcefac0b075e5855a39bc9e361005af89,6000002,424280,212140,,,1
0x179721c8676e58345a8407c803b5a592e7eca599169d08e1d7fcba6d031f623c,52,0xbe847be2bceb74e660daf96b3f0669d58f59dc9101715689a00ef864a5408f43,6000000,5113928,25057,,,1
0x889bffb9f1968a462643c8911835f84f1fdf9776b2400fc36169aafeca4ffe34,53,0xbe847be2bceb74e660daf96b3f0669d58f59dc9101715689a00ef864a5408f43,6000000,5136003,22075,,,1
0xa55b45862b67300ac4dc0300930aedef68e924a24e155b4cc53a2a265f1cf53f,54,0xbe847be2bceb74e660daf96b3f0669d58f59dc9101715689a00ef864a5408f43,6000000,5187697,51694,,,1
0x1b34b369260945025ae8980001f31aadfaca0227f20a8c978cf78de4e022b0fd,55,0xbe847be2bceb74e660daf96b3f0669d58f59dc9101715689a00ef864a5408f43,6000000,5255638,67941,,,1
0xe331008800ec7af98c66dcba34c75bb0e82a95b46c712c18e05c9d5d05db8abf,2,0x6b855d4ca375a859bb00ee9a70b0e51bcefac0b075e5855a39bc9e361005af89,6000002,636420,212140,,,1
0x5ba6ac3c507febfdeddb4ec6577ff6e88721d141cf200c781a1a87c961e894a9,56,0xbe847be2bceb74e660daf96b3f0669d58f59dc9101715689a00ef864a5408f43,6000000,5413602,157964,,,1
0xb9af2fe9bcbec66b884f74a306ee3ea3f777700688fb9561b9639c36dabc343c,57,0xbe847be2bceb74e660daf96b3f0669d58f59dc9101715689a00ef864a5408f43,6000000,5481543,67941,,,1
0x2a1e7f34d625cb2538397435eac6461ba4d3c5e707054c32a94305789404dfb7,58,0xbe847be2bceb74e660daf96b3f0669d58f59dc9101715689a00ef864a5408f43,6000000,5575345,93802,,,1
0xcf9487d4f49ba99c2b51858a03a9f13305fded0763ff2f70af5bf8dcb76cc2e8,3,0x6b855d4ca375a859bb00ee9a70b0e51bcefac0b075e5855a39bc9e361005af89,6000002,687893,51473,,,1
0x6e1d25262e38ac7cc4fe780074ddf68998459754eb6a81f931f048233e7a151b,4,0x6b855d4ca375a859bb00ee9a70b0e51bcefac0b075e5855a39bc9e361005af89,6000002,727664,39771,,,1
0x5d67c7010c5f52e59b05714a714ec32d765f3aef4333b15c6fa22ae777aeb7c0,59,0xbe847be2bceb74e660daf96b3f0669d58f59dc9101715689a00ef864a5408f43,6000000,5733437,158092,,,1
0x340fc20f05915b2503ea08fad6d0bc7236fa229185618600a7d71cd90cdb5d61,60,0xbe847be2bceb74e660daf96b3f0669d58f59dc9101715689a00ef864a5408f43,6000000,5758494,25057,,,1
0x043bb9e3b993a4c00e6c8fad4aa76cb6aae3aa4a25128137e1b2d0a392829b9c,5,0x6b855d4ca375a859bb00ee9a70b0e51bcefac0b075e5855a39bc9e361005af89,6000002,771956,44292,,,1
0x1cb8f527a6fc26d375d98cc2f8fc5096bbdb5b682efa6025f540b6e99e65fd83,61,0xbe847be2bceb74e660daf96b3f0669d58f59dc9101715689a00ef864a5408f43,6000000,5779494,21000,,,1
0xe32191718c94cdde1d045f09ed4d24a3756f95f0619a411aea31bc844a1510a7,62,0xbe847be2bceb74e660daf96b3f0669d58f59dc9101715689a00ef864a5408f43,6000000,5800494,21000,,,1
0xa03e2326071621e7fbcedf87949f11612be84edaeaccad605cf1287668ba8296,63,0xbe847be2bceb74e660daf96b3f0669d58f59dc9101715689a00ef864a5408f43,6000000,5821905,21411,,,1
0xeb722ed2bcb433c30d00961c545c15e1a8cc0fe0de63df9310071d4163810a05,6,0x6b855d4ca375a859bb00ee9a70b0e51bcefac0b075e5855a39bc9e361005af89,6000002,792956,21000,,,1
0x6d2a49f9e52108928d6f551b12ec83e4e2599870c9c629c56011b7c4846c5484,7,0x6b855d4ca375a859bb00ee9a70b0e51bcefac0b075e5855a39bc9e361005af89,6000002,813956,21000,,,1
0x47c6493906d81106bbaf75f8cf92247b990d3bb24c342448c981a113ca59581c,8,0x6b855d4ca375a859bb00ee9a70b0e51bcefac0b075e5855a39bc9e361005af89,6000002,851856,37900,,,1
0xa70ff0263bbe7706f7a25ca63796c0e87d73c54877d29979b05c8a7292a83040,64,0xbe847be2bceb74e660daf96b3f0669d58f59dc9101715689a00ef864a5408f43,6000000,5843808,21903,,,1
0x191e7120ccd3e312d686576c546439cf33d21c8cafa6381bb8216ac9bd890fe4,65,0xbe847be2bceb74e660daf96b3f0669d58f59dc9101715689a00ef864a5408f43,6000000,5878533,34725,,,1
0xed7683777190628f662455eeab2e5222cc48bb2e992b7e7c9c014bf5bffca9c0,9,0x6b855d4ca375a859bb00ee9a70b0e51bcefac0b075e5855a39bc9e361005af89,6000002,872856,21000,,,1
0x112741a1fa05ba24afc0ab1866eeadabc19e3bd03767f3fe61809bcb052980f0,10,0x6b855d4ca375a859bb00ee9a70b0e51bcefac0b075e5855a39bc9e361005af89,6000002,893856,21000,,,1
0x4821d768da675225045a0450d55aec99427c0e114f433a2da9e6e88012f56143,11,0x6b855d4ca375a859bb00ee9a70b0e51bcefac0b075e5855a39bc9e361005af89,6000002,914856,21000,,,1
0xdf23d8677b45371f760310770247264bd9dd662c2d3b9140f2b78b47e7ab950d,12,0x6b855d4ca375a859bb00ee9a70b0e51bcefac0b075e5855a39bc9e361005af89,6000002,935856,21000,,,1
